7.589741 5.005280 6.598193 12.594806 9.029909 22.885679
2.472213 4.182958 2.467971 1.363598 8.549089 15.642750
0.701376 0.063722 5.904507 0.614368 5.503891 2.396985
3.605610 8.540148 1.588977 2.549639 2.584368 1.820002
8.298593 3.402600 6.139135 2.183813 8.106906 3.338909
5.221199 6.606281 2.493576 24.979247 1.737296 0.897367
4.128269 2.394116 4.258584 6.104282 2.671803 5.135442
8.191900 5.619282 5.662739 0.409772 1.065096 1.475539
2.452621 1.078463 13.506424 6.053957 1.807031 16.715384
4.071871 9.289011 0.590595 1.486526 7.997131 5.789422
7.319561 3.653127 5.413252 11.077273 2.215491 17.283243
0.304178 0.552507 12.026947 2.964904 6.696067 8.951842
9.236121 3.285256 3.134220 6.654896 0.328440 13.841059
0.365428 1.612171 2.503768 1.185278 3.454208 10.744713
5.798059 1.137822 6.174688 0.866267 0.233009 6.576160
2.216713 2.567278 7.501908 1.802026 1.159367 4.403088
2.165105 4.928343 6.508042 3.807580 1.386762 10.806666
2.043337 1.013214 4.648366 5.944671 1.353557 9.921171
1.403515 2.161260 3.160406 1.268411 1.651539 6.061739
2.772881 9.423842 6.797814 1.703635 1.496475 2.729514
0.366252 9.292459 5.646351 0.659596 8.775171 0.772790
6.089144 2.356670 6.209998 0.977386 0.780633 17.976531
1.053011 6.161168 1.038698 1.272103 11.336192 0.938689
2.451613 3.276132 7.481705 0.767663 3.822168 3.355663
11.534562 1.598377 2.252999 0.965484 3.306346 5.332622
11.489792 2.777520 9.791071 1.857326 2.841670 11.005645
1.508835 6.687155 4.673330 1.257607 5.236457 14.382122
0.249581 4.059358 4.481735 2.960052 11.320780 13.793848
9.447249 1.057161 0.717521 4.403516 2.115207 9.550371
1.605792 0.928099 0.843684 4.588825 8.372815 9.715049
8.261269 0.233924 3.129521 2.061037 8.442092 14.942442
3.072207 1.596881 7.686636 0.053316 10.966063 5.764915
8.556017 11.721732 2.970916 0.702414 11.706351 13.904477
0.344035 4.277169 1.514299 1.567674 22.191443 3.090854
1.838769 2.492813 8.636586 4.096987 4.892941 15.608509
0.098910 4.450362 2.561541 1.760307 7.412702 3.070254
0.346477 0.182715 4.856746 0.213476 2.812524 11.434157
5.007172 5.605060 2.303873 9.044466 15.538865 9.281655
7.956299 2.920957 5.669973 1.730247 2.928647 4.974608
10.067934 5.004791 8.278206 1.372814 5.529558 17.565782
4.440749 0.130345 0.162328 6.900631 8.570146 12.362774
1.206946 5.711357 9.328471 1.325053 11.756249 6.355023
2.551744 3.904111 2.810510 3.129185 14.617115 12.822687
2.555895 9.862269 1.202644 1.208319 9.381634 21.955810
4.636281 6.476607 5.118534 1.514878 3.805597 13.405470
6.089480 3.163762 0.485489 0.868343 9.482742 3.329723
1.942230 1.500290 2.344370 2.111575 2.171943 12.973448
8.862087 2.533372 2.971741 3.594257 2.224861 4.338848
3.102665 2.332164 9.969299 1.806145 5.288430 15.331675
6.962828 0.852869 3.231574 5.762261 0.144871 2.497330
3.662862 1.831049 3.347820 3.705435 6.195562 7.892392
1.361004 5.109958 0.034547 3.166357 13.643634 0.861568
0.275521 2.015137 7.033386 1.022309 7.686971 6.730704
2.430066 4.465010 0.467788 4.817683 3.033388 12.004914
0.817592 0.307139 3.820002 2.124027 11.366130 4.694692
2.415509 9.413648 1.577593 1.292763 14.477035 10.237343
5.573869 6.461836 1.180120 3.798364 11.179021 2.725486
2.294718 0.586231 4.707266 3.684653 13.495650 9.173315
3.062410 3.091525 4.888760 1.111790 0.082431 1.497879
7.056429 2.484268 1.447493 5.048616 0.560809 2.640003
1.109165 3.831141 4.208776 1.365490 9.339458 2.576953
10.800744 6.606494 0.082278 6.410414 11.955687 3.997314
2.279763 1.530411 5.288492 0.906096 2.886745 7.148442
3.664449 5.906461 0.478988 0.493882 6.675558 3.029389
4.369000 7.475448 1.972563 2.784814 1.544510 11.856929
